111551 55115115151151551555115555 11151511511551155 851555, 5. 218.
Chamon sur Rome, p. 288.

Ι(11155555 15515555 5555511, 5. 218.

815515551551511 11515, (155 15111551, 5 211.

(11551555 15 mort de 8151555555, 5. 215.

· 81155155515111515 15 81151155, 1115 51 5551-515855551551, 5. 218.
(11551555155515111515115515555, 5. 218.

011551 5551515511 1511111115 1155, 5. 251.

(11155555 15 (1511551511, 5258.

1111515 55515 destruction du 5155551555 (15 Μο51-(115555, 5. 255.
811551 5511551155, 5. 281.

(11155555 155 5511515115 Leuis 11, 5. 261.

815515 55115 mort de Foulques, 5551511555 15 11511, 5. 288.
chanaon (155 5511151515 11511115, p. 288.

1111551555 151151515515 8155551551, 5. 278.

(1155155515 (1815115 (15 151 11111551, 5. 271.

(111551 55111555555151551511, 5 272.

8115515115 les 01155, 5. 278.

Chamon sur 151515 11115551, p. 275.

chanaon 55515151551115555, 5. 278.

11155515555515551, 5. 278.

(1155155115 555158551551, 5151551155 15 (1515555, 5. 278.
811551 511515 51511 15 constance, 15511155 15 1515511, 5. 288.
(1155155115 51551151555555555 115151 11, 5. 285.

25115, 5. 288. <
1111551555 155555555551551151155551 1585115155 , 5. 287.

(111551 551 15 555155555155115 115511, 1115 (15 conrad 15 salique, 5. 288.
(1155155515 mort de 1551551555 (155551, 5. 288.,

(111551 55515 51551 11155511, 5. 282.

’ cham 551 15 51551 15 (1511155515 15 conquerunt , 5. 281.

15115, 5. 288.

(111551 pour 15 51551115 55515515, 5. 287.

Chamon 5511551555555 5151555, 5. 288.

Le 555155 51 151555, 5. 882.

8515 55115 ruine 15 71515, 5. 818.

waltharius, 5. 811.

155551155, 5. 872.
115 (55111515 0115 51 Lini, 5. 878.

’1151555515 11555 5115 1151, 5. 188.

= Initium sancti Evangelii 5555511551 marcas 5155511, 5187.

1111551151 (1151555,5. 108.
(1555151515 sur 15 5115515 Jerusalem, 5111.

1111551555 15155151151555515515, 5. 111.
8515155 5555151155 555 55151 Thomas de (1551551815, 5. 118,

ι---ιῧῦΟὓῡ-ω·1

 

